0,1,2,3,4,5
0.0,0.0,0.0,0.0,0.0,0.0
-0.5856821173000211,0.46035320299997723,-0.5856821173000211,0.46035320299997723,1.622614669999975,-8.53964679700003
4.348906999999972,5.943229999999972,4.348906999999972,5.943229999999972,7.7146999999999695,-3.0567700000000313
0.46035320299997723,1.622614669999975,0.46035320299997723,1.622614669999975,2.914016299999974,-7.377385330000031
-4.996845490100062,-5.497170778260229,-4.996906943928909,-5.497163557466645,-14.497170496986568,-14.497160540724758
0.0,0.0,0.0,0.0,0.0,0.0
-4.996845490100062,-5.497161350717316,-4.996849719715457,-5.497161184762308,-14.497161556384423,-14.49716314648652
-3.136962263511725,-3.823273521425467,-3.13697382136257,-3.823278228406203,-12.823265861832109,-12.82326658411731
1.622614669999975,0.4603531121100147,-0.5856821215645663,0.46035300057152656,-8.539646862396559,-8.53964704414837
-2.3744025150130215,-3.136962734825473,-3.8232661443853773,-3.136962279030291,-12.136962294523762,-12.136962580213893
0.0,0.0,0.0,0.0,0.0,0.0
-1.5271139055700202,-2.374402725632288,-3.136962356337629,-2.3744025524485113,-11.374402670394282,-11.374402743394647
-3.823266037160556,-4.440960444759648,-3.8232842118648165,-4.440957629792573,-13.440940763302962,-13.440963301569091
-2.3744025150130215,-3.1369740960083723,-2.374407961362907,-3.136971030174351,-12.1369675304066,-12.137021157206142
-3.823266037160556,-4.440951248383049,-3.8233031877426136,-4.440947838191062,-13.440942939864245,-13.440942668969205
0.0,0.0,0.0,0.0,0.0,0.0
14.299999999999974,16.99999999999997,14.299999999999974,16.99999999999997,7.999999999999987,19.99999999999999
2.914016299999974,1.622614669999975,2.914016299999974,1.622614669999975,-7.377385330000031,0.46035320299997723
9.68299999999997,7.7146999999999695,5.943229999999972,7.7146999999999695,-1.2853000000000283,5.943229999999972
4.348906999999972,2.914016299999974,4.348906999999972,2.914016299999974,-6.085983700000034,1.622614669999975
0.0,0.0,0.0,0.0,0.0,0.0
-1.5271139055700202,-0.5856821173000211,-0.5856821173000211,0.46035320299997723,-9.585682117300031,-9.585682117300031
2.914016299999974,4.348906999999972,4.348906999999972,5.943229999999972,-4.6510930000000315,-4.6510930000000315
-0.5856821173000211,0.46035320299997723,0.46035320299997723,1.622614669999975,-8.53964679700003,-8.53964679700003
-4.4409394334445045,-4.996858277520181,-4.996846600562436,-5.497162706354999,-13.996846408811514,-13.99684594881829
0.0,0.0,0.0,0.0,0.0,0.0
-4.4409394334445045,-4.996845584381797,-4.9968455004281385,-5.497160985314606,-13.996845532887844,-13.996845497081184
-2.3744025150130215,-3.1369871614483005,-3.1369633828468535,-3.823274064241201,-12.13696148671011,-12.136962608974628
0.46035320299997723,-0.5856822236832873,-0.5856822154389392,0.4603507547070588,-9.5856822062247,-9.585682122097857
-3.136962263511725,-3.8232662833917694,-3.8232662654763407,-3.136962557363603,-12.823266100738511,-12.823266732003091
0.0,0.0,0.0,0.0,0.0,0.0
-2.3744025150130215,-3.136962274985712,-3.136962268205071,-2.374402809395059,-12.136962271477405,-12.13696237446469
-3.136962263511725,-3.823269600890176,-3.823271374718724,-4.440948427161987,-12.823279214150883,-12.823277175176443
-1.5271139055700202,-2.3744032782951523,-2.374403842101529,-3.1369638893871237,-11.374403787903873,-11.374405051504015
-3.136962263511725,-3.823266543051083,-3.823276229917923,-4.44096620928226,-12.823268754743918,-12.8232677102616
0.0,0.0,0.0,0.0,0.0,0.0
11.86999999999997,14.299999999999974,14.299999999999974,16.99999999999997,5.299999999999973,5.299999999999973
4.348906999999972,2.914016299999974,2.914016299999974,1.622614669999975,-6.085983700000034,-6.085983700000034
7.7146999999999695,5.943229999999972,5.943229999999972,7.7146999999999695,-3.0567700000000313,-3.0567700000000313
5.943229999999972,4.348906999999972,4.348906999999972,2.914016299999974,-4.6510930000000315,-4.6510930000000315
0.0,0.0,0.0,0.0,0.0,0.0
-3.823266037160556,-4.4409397265044355,-4.996847285734116,-4.440959896170709,-13.440941745529232,-13.440940277144426
-0.5856821173000211,-1.5271141938046178,-2.3744030023066713,-1.5271155119213176,-10.527113984258289,-10.527115686753298
-3.136962263511725,-3.8232660373583145,-4.440939435919346,-3.8232660402451386,-12.823266037761979,-12.823266049672085
-2.3744025150130215,-1.5271139055700202,-0.5856821173000211,-1.5271139055700202,-10.527113905570033,-10.527113905570033
0.0,0.0,0.0,0.0,0.0,0.0
-2.3744025150130215,-1.5271139055700202,-0.5856821173000211,-1.5271139055700202,-10.527113905570033,-10.527113905570033
0.46035320299997723,1.622614669999975,2.914016299999974,1.622614669999975,-7.377385330000031,-7.377385330000031
-0.5856821173000211,-1.5271154148634682,-2.3744026906219564,-1.5271142173485925,-10.527113994860498,-10.527114146634592
-3.823266037160556,-4.440939433444563,-4.996845490100066,-4.440939433444543,-13.440939433444516,-13.440939433444532
0.0,0.0,0.0,0.0,0.0,0.0
-3.136962263511725,-3.8232660371605998,-4.440939433444533,-3.8232660371605673,-12.823266037160572,-12.823266037160572
-2.3744025150130215,-3.136962762048449,-2.374403292985784,-3.1369625896434084,-12.136964069769448,-12.136962717143
-0.5856821173000211,-1.5271139408121472,-0.5856821305462501,-1.5271139211500444,-10.527113914273864,-10.527114020014864
-2.3744025150130215,-3.136962848435476,-2.3744027067423397,-3.1369633345990717,-12.136962502217699,-12.136962539419695
0.0,0.0,0.0,0.0,0.0,0.0
5.943229999999972,4.348906999991733,2.914016299918783,4.348906999940961,-4.651093000016055,-4.651093000173136
9.68299999999997,11.86999999999997,14.299999999999974,11.86999999999997,2.8699999999999757,2.8699999999999757
5.943229999999972,4.348906999999749,2.9140162999995445,4.348906999999836,-4.651093000000111,-4.6510930000000315
7.7146999999999695,5.9432299999999385,7.714699999999598,5.943229999998084,-3.0567700000000313,-3.0567700000007556
0.0,0.0,0.0,0.0,0.0,0.0
-4.4409394334445045,-4.996845524130748,-5.497161013741245,-4.440940670277405,-13.996845525790036,-13.996845497378349
-1.5271139055700202,-2.374402515070263,-3.1369622636141745,-1.5271139056149237,-11.374402515204821,-11.37440251522798
-3.823266037160556,-4.440939433448397,-4.996845490828521,-3.8232660374191276,-13.440939433585811,-13.440939433514044
-1.5271139055700202,-0.5856821173000211,0.46035320299997723,-1.5271139055700202,-9.585682117300031,-9.585682117300031
0.0,0.0,0.0,0.0,0.0,0.0
-1.5271139055700202,-0.5856821173000211,0.46035320299997723,-1.5271139055700202,-9.585682117300031,-9.585682117300031
1.622614669999975,2.914016299999974,4.348906999999972,1.622614669999975,-6.085983700000034,-6.085983700000034
-1.5271139055700202,-2.3744025154006723,-3.13696226371548,-1.5271139058949248,-11.374402515367535,-11.37440251516547
-4.440939457116506,-4.9968455215126,-5.497161256295809,-4.4409394334445045,-13.996845515277771,-13.996845491259034
0.0,0.0,0.0,0.0,0.0,0.0
-3.8232660376884464,-4.440939433605941,-4.9968454909605935,-3.823266037160556,-13.440939442469126,-13.440939433559336
-1.5271139055700202,-2.3744028024404704,-3.1369628429836505,-3.136962338387897,-11.37440256451089,-11.374402535953534
0.46035320299997723,-0.5856821173511526,-1.52711390592541,-1.5271139058267904,-9.585682119579744,-9.585682117812878
-1.5271139055700202,-2.3744026111770293,-3.136962596773081,-3.136962390921675,-11.3744027161954,-11.374412703748982
0.0,0.0,0.0,0.0,0.0,0.0
4.348906999999972,2.914016299999974,1.622614669999975,4.348906999999972,-6.085983700000034,-6.085983700000034
11.86999999999997,14.299999999999974,16.99999999999997,11.86999999999997,5.299999999999973,5.299999999999973
4.348906999999972,2.914016299999974,1.622614669999975,4.348906999999972,-6.085983700000034,-6.085983700000034
9.68299999999997,7.7146999999999695,5.943229999999972,5.943229999999972,-1.2853000000000283,-1.2853000000000283
0.0,0.0,0.0,0.0,0.0,0.0
-4.996845490100062,-5.4971897980795825,-5.4971743460346625,-4.996852570215309,-14.497162667857365,-14.497177195278395
-2.37441114078489,-3.1369747794201803,-3.1369639997220258,-2.3744025150130215,-12.136965764876699,-12.136956512890666
-4.440987328239826,-4.996859773538229,-4.996859848778469,-4.4409394334445045,-13.996895090768447,-13.99689675317924
-0.5856821173000211,0.46035320299997723,0.46035320299997723,-0.5856821173000211,1.622614669999975,-8.53964679700003
0.0,0.0,0.0,0.0,0.0,0.0
-0.5856821173000211,0.46035320299997723,0.46035320299997723,-0.5856821173000211,1.622614669999975,-8.53964679700003
2.914016299999974,4.348906999999972,4.348906999999972,2.914016299999974,5.943229999999972,-4.6510930000000315
-2.3744180478956918,-3.1369644780225716,-3.1369631166835337,-2.3744025150130215,-12.136962684204413,-12.136963592426675
-4.996845490100062,-5.4971671277781144,-5.4971665445421305,-4.996848659107425,-14.497165244155969,-14.49716117705118
0.0,0.0,0.0,0.0,0.0,0.0
-4.440968322199788,-4.996876258765775,-4.996863896496882,-4.4409394334445045,-13.996860741891298,-13.996886977663316
-2.3744025150130215,-3.136971270284871,-3.1369746733005712,-2.374407079916481,-12.136970048272083,-12.136976983914419
-0.5856821173000211,-1.5271144751546064,-1.5271141527929781,-0.585683391559169,-10.527113915842968,-10.527114382442367
-2.3744025150130215,-3.1369737705249356,-3.136966500221604,-2.3744093727632194,-12.136971304142673,-12.136984129159579
0.0,0.0,0.0,0.0,0.0,0.0
2.914016299999974,1.622614669999975,1.622614669999975,2.914016299999974,-7.377385330000031,0.46035320299997723
14.299999999999974,16.99999999999997,16.99999999999997,14.299999999999974,7.999999999999987,19.99999999999999
2.914016299999974,1.622614669999975,1.622614669999975,2.914016299999974,-7.377385330000031,0.46035320299997723
7.7146999999999695,5.943229999999972,5.943229999999972,7.7146999999999695,-3.0567700000000313,4.348906999999972
0.0,0.0,0.0,0.0,0.0,0.0
-1.5271139055700202,0.46035320299997723,-1.5271139055700202,-0.5856821173000211,-9.585682117300031,-9.585682117300031
2.914016299999974,5.943229999999972,2.914016299999974,4.348906999999972,-4.6510930000000315,-4.6510930000000315
-0.5856821173000211,1.622614669999975,-0.5856821173000211,0.46035320299997723,-8.53964679700003,-8.53964679700003
-4.4409394334445045,-5.497160941214718,-4.4409394334460695,-4.996845490161481,-13.99684549017022,-13.996845490127326
0.0,0.0,0.0,0.0,0.0,0.0
-4.440939433444608,-5.497160941090706,-4.4409394334445045,-4.996845490110432,-13.996845490101357,-13.996845490100645
-2.3744025150130215,-3.823266037175691,-2.374402515119924,-3.136962263605504,-12.136962263512228,-12.13696226351027
2.914016299999974,0.46035320299997723,0.46035320299997723,1.622614669999975,-7.377385330000031,-7.377385330000031
-1.5271139055700202,-3.136962263511725,-3.136962263511725,-2.3744025150130215,-11.374402515013024,-11.374402515013024
0.0,0.0,0.0,0.0,0.0,0.0
-0.5856821173000211,-2.3744025150130215,-2.3744025150130215,-1.5271139055700202,-10.527113905570033,-10.527113905570033
-3.136962263511725,-4.44093943345942,-3.1369622636073577,-3.823266037168285,-12.8232660371729,-12.823266037319687
-1.5271139060134606,-3.1369622636490133,-1.5271139055700202,-2.37440251518835,-11.37440251505898,-11.37440251503443
-3.136962263511725,-4.440939433456425,-3.1369622638187993,-3.8232660371630254,-12.823266037723098,-12.823266037204409
0.0,0.0,0.0,0.0,0.0,0.0
11.86999999999997,16.99999999999997,11.86999999999997,14.299999999999974,5.299999999999973,5.299999999999973
4.348906999999972,1.622614669999975,4.348906999999972,2.914016299999974,-6.085983700000034,-6.085983700000034
11.86999999999997,7.7146999999999695,7.7146999999999695,9.68299999999997,0.6829999999999733,0.6829999999999733
5.943229999999972,2.914016299999974,5.943229999999972,4.348906999999972,-4.6510930000000315,-4.6510930000000315
0.0,0.0,0.0,0.0,0.0,0.0
-2.3744025150130215,-0.5856821173000211,-1.5271139055700202,-0.5856821173000211,-10.527113905570033,-10.527113905570033
1.622614669999975,4.348906999999972,2.914016299999974,4.348906999999972,-6.085983700000034,-6.085983700000034
-1.5271139055700202,0.46035320299997723,-0.5856821173000211,0.46035320299997723,-9.585682117300031,-9.585682117300031
-3.823266037160556,-4.996845490100824,-4.4409394334445444,-4.996845490100083,-13.440939433444937,-13.440939433444521
0.0,0.0,0.0,0.0,0.0,0.0
-3.823266037160556,-4.996845490100062,-4.4409394334445045,-4.996845490100062,-13.440939433444516,-13.440939433444516
-1.5271139055700202,-3.1369622635117604,-2.3744025150130392,-3.1369622635119088,-11.374402515013955,-11.374402515013024
1.622614669999975,-0.5856821173000211,0.46035320299997723,1.622614669999975,-8.53964679700003,-8.53964679700003
-2.3744025150130215,-3.823266037160556,-3.136962263511725,-2.3744025150130215,-12.136962263511741,-12.136962263511741
0.0,0.0,0.0,0.0,0.0,0.0
-1.5271139055700202,-3.136962263511725,-2.3744025150130215,-1.5271139055700202,-11.374402515013024,-11.374402515013024
-2.3744025150130215,-3.8232660371634326,-3.1369622635121326,-3.8232660371607454,-12.136962263512178,-12.136962263511819
-0.5856821173000211,-2.3744025150130215,-1.5271139055700202,-2.3744025150130215,-10.527113905570033,-10.527113905570033
-2.3744025150130215,-3.823266037160981,-3.136962263517133,-3.823266037160649,-12.1369622635122,-12.136962263511773
0.0,0.0,0.0,0.0,0.0,0.0
9.68299999999997,14.299999999999974,11.86999999999997,14.299999999999974,2.8699999999999757,2.8699999999999757
5.943229999999972,2.914016299999974,4.348906999999972,2.914016299999974,-4.6510930000000315,-4.6510930000000315
9.68299999999997,5.943229999999972,7.7146999999999695,9.68299999999997,-1.2853000000000283,-1.2853000000000283
7.7146999999999695,4.348906999999972,5.943229999999972,4.348906999999972,-3.0567700000000313,-3.0567700000000313
0.0,0.0,0.0,0.0,0.0,0.0
-3.136962263511725,-4.4409394334445045,-4.4409394334445045,-3.823266037160556,-12.823266037160572,-12.823266037160572
0.46035320299997723,-1.5271139055700202,-1.5271139055700202,-0.5856821173000211,-9.585682117300031,-9.585682117300031
-2.3744025150130215,-3.823266037160556,-3.823266037160556,-3.136962263511725,-12.136962263511741,-12.136962263511741
-3.136962263511725,-1.5271139055700202,-1.5271139055700202,-2.3744025150130215,-11.374402515013024,-11.374402515013024
0.0,0.0,0.0,0.0,0.0,0.0
-3.136962263511725,-1.5271139055700202,-1.5271139055700202,-2.3744025150130215,-11.374402515013024,-11.374402515013024
-0.5856821173000211,1.622614669999975,1.622614669999975,0.46035320299997723,-8.53964679700003,-8.53964679700003
0.46035320299997723,-1.5271139055700227,-1.5271139055700202,-0.5856821173000214,-9.585682117300031,-9.585682117300031
-3.136962263511725,-4.4409394334445045,-4.4409394334445045,-3.823266037160556,-12.823266037160572,-12.823266037160572
0.0,0.0,0.0,0.0,0.0,0.0
-2.3744025150130215,-3.823266037160556,-3.823266037160556,-3.136962263511725,-12.136962263511741,-12.136962263511741
-1.5271139055700202,-3.136962263511725,-1.5271139055700202,-2.3744025150130215,-11.374402515013024,-11.374402515013024
0.46035320299997723,-1.5271139055700202,0.46035320299997723,-0.5856821173000211,-9.585682117300031,-9.585682117300031
-1.5271139055700202,-3.136962263511725,-1.5271139055700202,-2.3744025150130215,-11.374402515013024,-11.374402515013024
0.0,0.0,0.0,0.0,0.0,0.0
7.7146999999999695,4.348906999999972,4.348906999999972,5.943229999999972,-3.0567700000000313,-3.0567700000000313
7.7146999999999695,11.86999999999997,11.86999999999997,9.68299999999997,0.6829999999999733,0.6829999999999733
7.7146999999999695,4.348906999999972,4.348906999999972,5.943229999999972,-3.0567700000000313,-3.0567700000000313
9.68299999999997,5.943229999999972,9.68299999999997,7.7146999999999695,-1.2853000000000283,-1.2853000000000283
0.0,0.0,0.0,0.0,0.0,0.0
-3.823266037160556,-4.996845490100062,-4.996845490100062,-3.823266037160556,-13.440939433444516,-13.440939433444516
-0.5856821173000211,-2.3744025150130215,-2.3744025150130215,-0.5856821173000211,-10.527113905570033,-10.527113905570033
-3.136962263511725,-4.4409394334445045,-4.4409394334445045,-3.136962263511725,-12.823266037160572,-12.823266037160572
-2.3744025150130215,-0.5856821173000211,-0.5856821173000211,-2.3744025150130215,-10.527113905570033,-10.527113905570033
0.0,0.0,0.0,0.0,0.0,0.0
-2.3744025150130215,-0.5856821173000211,-0.5856821173000211,-2.3744025150130215,-10.527113905570033,-10.527113905570033
0.46035320299997723,2.914016299999974,2.914016299999974,0.46035320299997723,-7.377385330000031,-7.377385330000031
-0.5856821173000211,-2.3744025150130215,-2.3744025150130215,-0.5856821173000211,-10.527113905570033,-10.527113905570033
-3.823266037160556,-4.996845490100062,-4.996845490100062,-3.823266037160556,-13.440939433444516,-13.440939433444516
0.0,0.0,0.0,0.0,0.0,0.0
-3.136962263511725,-4.440939433444614,-4.440939433444564,-3.1369622635117276,-12.82326603716081,-12.823266037160572
-0.5856821173000211,-2.3744025150130215,-2.3744025150130215,-2.3744025150130215,-10.527113905570033,-10.527113905570033
1.622614669999975,-0.5856821173000211,-0.5856821173000211,-0.5856821173000211,-8.53964679700003,-8.53964679700003
-0.5856821173000211,-2.3744025150130215,-2.3744025150130215,-2.3744025150130215,-10.527113905570033,-10.527113905570033
0.0,0.0,0.0,0.0,0.0,0.0
5.943229999999972,2.914016299999974,2.914016299999974,5.943229999999972,-4.6510930000000315,-4.6510930000000315
9.68299999999997,14.299999999999974,14.299999999999974,9.68299999999997,2.8699999999999757,2.8699999999999757
5.943229999999972,2.914016299999974,2.914016299999974,5.943229999999972,-4.6510930000000315,-4.6510930000000315
11.86999999999997,7.7146999999999695,7.7146999999999695,7.7146999999999695,0.6829999999999733,0.6829999999999733
0.0,0.0,0.0,0.0,0.0,0.0
-4.440939433472022,-5.497160941203575,-4.99684549010025,-4.4409394334445045,-13.996845490100663,-13.996845490104231
-1.5271139366285287,-3.136962287575302,-2.37440252240618,-1.5271139055700202,-11.37440263713484,-11.374402534372233
-3.823266937831998,-4.996846267930387,-4.4409395418309385,-3.823266037160556,-13.440939463549554,-13.440939489306151
-1.5271139055700202,0.46035320299997723,-0.5856821173000211,-1.5271139055700202,-9.585682117300031,-9.585682117300031
0.0,0.0,0.0,0.0,0.0,0.0
-1.5271139055700202,0.46035320299997723,-0.5856821173000211,-1.5271139055700202,-9.585682117300031,-9.585682117300031
1.622614669999975,4.348906999999972,2.914016299999974,1.622614669999975,-6.085983700000034,-6.085983700000034
-1.527113925945915,-3.136962373031407,-2.374402594839395,-1.5271139055700202,-11.374402581636598,-11.374402627878988
-4.440939433473145,-5.4971609416641805,-4.996845490299869,-4.4409394334445045,-13.996845490100668,-13.996845490165077
0.0,0.0,0.0,0.0,0.0,0.0
-3.8232676362493607,-4.996845688179807,-4.440940726688163,-3.823266037160556,-13.440939596105117,-13.440941173810304
-1.5271139055709235,-3.136962263568382,-2.3744025150229926,-1.5271139055700202,-11.374402515014818,-11.374402515048411
0.4603532029998993,-1.5271139055700225,-0.5856821173000464,0.46035320299997723,-9.58568211730008,-9.58568211730005
-1.5271139055700202,-3.1369622635144205,-2.37440251501307,-1.5271139055703817,-11.374402515016333,-11.374402515013793
0.0,0.0,0.0,0.0,0.0,0.0
4.348906999999972,1.622614669999975,2.914016299999974,4.348906999999972,-6.085983700000034,-6.085983700000034
11.86999999999997,16.99999999999997,14.299999999999974,11.86999999999997,5.299999999999973,5.299999999999973
4.348906999999972,1.622614669999975,2.914016299999974,4.348906999999972,-6.085983700000034,-6.085983700000034
9.68299999999997,5.943229999999972,7.7146999999999695,9.68299999999997,-1.2853000000000283,-1.2853000000000283
0.0,0.0,0.0,0.0,0.0,0.0
-2.3744025150130215,-0.5856821173000211,-2.3744025150130215,-1.5271139055700202,-10.527113905570033,-10.527113905570033
1.622614669999975,4.348906999999972,1.622614669999975,2.914016299999974,-6.085983700000034,-6.085983700000034
-1.5271139055700202,0.46035320299997723,-1.5271139055700202,-0.5856821173000211,-9.585682117300031,-9.585682117300031
-4.996845490100062,-4.996845490100062,-3.823266037160556,-4.4409394334445045,-13.440939433444516,-13.440939433444516
0.0,0.0,0.0,0.0,0.0,0.0
-4.996845490100062,-4.996845490100062,-3.823266037160556,-4.4409394334445045,-13.440939433444516,-13.440939433444516
-3.136962263511725,-3.136962263511725,-1.5271139055700202,-2.3744025150130215,-11.374402515013024,-11.374402515013024
4.348906999999972,1.622614669999975,1.622614669999975,2.914016299999974,-6.085983700000034,-6.085983700000034
-0.5856821173000211,-2.3744025150130215,-2.3744025150130215,-1.5271139055700202,-10.527113905570033,-10.527113905570033
0.0,0.0,0.0,0.0,0.0,0.0
0.46035320299997723,-1.5271139055700202,-1.5271139055700202,-0.5856821173000211,-9.585682117300031,-9.585682117300031
-3.823266037160556,-3.823266037160556,-2.3744025150130215,-3.136962263511725,-12.136962263511741,-12.136962263511741
-2.374402515013068,-2.374402515013026,-0.5856821173000211,-1.5271139055700316,-10.527113905570033,-10.527113905570033
-3.823266037160556,-3.823266037160556,-2.3744025150130215,-3.136962263511725,-12.136962263511741,-12.136962263511741
0.0,0.0,0.0,0.0,0.0,0.0
9.68299999999997,14.299999999999974,9.68299999999997,11.86999999999997,2.8699999999999757,2.8699999999999757
2.914016299999974,2.914016299999974,5.943229999999972,4.348906999999972,-4.6510930000000315,-4.6510930000000315
14.299999999999974,9.68299999999997,9.68299999999997,11.86999999999997,2.8699999999999757,2.8699999999999757
4.348906999999972,4.348906999999972,7.7146999999999695,5.943229999999972,-3.0567700000000313,-3.0567700000000313
0.0,0.0,0.0,0.0,0.0,0.0
-3.136962263511725,-1.5271139055700202,-3.136962263511725,-1.5271139055700202,-11.374402515013024,-11.374402515013024
0.46035320299997723,2.914016299999974,0.46035320299997723,2.914016299999974,-7.377385330000031,-7.377385330000031
-2.3744025150130215,-0.5856821173000211,-2.3744025150130215,-0.5856821173000211,-10.527113905570033,-10.527113905570033
-4.4409394334445045,-4.4409394334445045,-3.136962263511725,-4.4409394334445045,-12.823266037160572,-12.823266037160572
0.0,0.0,0.0,0.0,0.0,0.0
-4.4409394334445045,-4.4409394334445045,-3.136962263511725,-4.4409394334445045,-12.823266037160572,-12.823266037160572
-2.3744025150130215,-2.3744025150130215,-0.5856821173000211,-2.3744025150130215,-10.527113905570033,-10.527113905570033
0.46035320299997723,0.46035320299997723,0.46035320299997723,2.914016299999974,-7.377385330000031,-7.377385330000031
-3.136962263511725,-3.136962263511725,-3.136962263511725,-1.5271139055700202,-11.374402515013024,-11.374402515013024
0.0,0.0,0.0,0.0,0.0,0.0
-2.3744025150130215,-2.3744025150130215,-2.3744025150130215,-0.5856821173000211,-10.527113905570033,-10.527113905570033
-3.136962263511725,-3.136962263511725,-1.5271139055700202,-3.136962263511725,-11.374402515013024,-11.374402515013024
-1.5271139055700202,-1.5271139055700202,0.46035320299997723,-1.5271139055700202,-9.585682117300031,-9.585682117300031
-3.136962263511725,-3.136962263511725,-1.5271139055700202,-3.136962263511725,-11.374402515013024,-11.374402515013024
0.0,0.0,0.0,0.0,0.0,0.0
7.7146999999999695,11.86999999999997,7.7146999999999695,11.86999999999997,0.6829999999999733,0.6829999999999733
4.348906999999972,4.348906999999972,7.7146999999999695,4.348906999999972,-3.0567700000000313,-3.0567700000000313
7.7146999999999695,7.7146999999999695,7.7146999999999695,11.86999999999997,0.6829999999999733,0.6829999999999733
5.943229999999972,5.943229999999972,9.68299999999997,5.943229999999972,-1.2853000000000283,-1.2853000000000283
0.0,0.0,0.0,0.0,0.0,0.0
-3.823266037160556,-3.823266037160556,-3.823266037160556,-2.3744025150130215,-12.136962263511741,-12.136962263511741
-0.5856821173000211,-0.5856821173000211,-0.5856821173000211,1.622614669999975,-8.53964679700003,-8.53964679700003
-3.136962263511725,-3.136962263511725,-3.136962263511725,-1.5271139055700202,-11.374402515013024,-11.374402515013024
-3.823266037160556,-2.3744025150130215,-2.3744025150130215,-3.823266037160556,-12.136962263511741,-12.136962263511741
0.0,0.0,0.0,0.0,0.0,0.0
-3.823266037160556,-2.3744025150130215,-2.3744025150130215,-3.823266037160556,-12.136962263511741,-12.136962263511741
-1.5271139055700202,0.46035320299997723,0.46035320299997723,-1.5271139055700202,-9.585682117300031,-9.585682117300031
-0.5856821173000211,-0.5856821173000211,-0.5856821173000211,1.622614669999975,-8.53964679700003,-8.53964679700003
-3.823266037160556,-3.823266037160556,-3.823266037160556,-2.3744025150130215,-12.136962263511741,-12.136962263511741
0.0,0.0,0.0,0.0,0.0,0.0
-3.136962263511725,-3.136962263511725,-3.136962263511725,-1.5271139055700202,-11.374402515013024,-11.374402515013024
-2.3744025150130215,-2.3744025150130215,-0.5856821173000211,-2.3744025150130215,-10.527113905570033,-10.527113905570033
-0.5856821173000211,-0.5856821173000211,1.622614669999975,-0.5856821173000211,-8.53964679700003,-8.53964679700003
-2.3744025150130215,-2.3744025150130215,-0.5856821173000211,-2.3744025150130215,-10.527113905570033,-10.527113905570033
0.0,0.0,0.0,0.0,0.0,0.0
5.943229999999972,5.943229999999972,5.943229999999972,9.68299999999997,-1.2853000000000283,-1.2853000000000283
5.943229999999972,9.68299999999997,9.68299999999997,5.943229999999972,-1.2853000000000283,-1.2853000000000283
5.943229999999972,5.943229999999972,5.943229999999972,9.68299999999997,-1.2853000000000283,-1.2853000000000283
7.7146999999999695,7.7146999999999695,11.86999999999997,7.7146999999999695,0.6829999999999733,0.6829999999999733
0.0,0.0,0.0,0.0,0.0,0.0
-4.4409394334445045,-4.4409394334445045,-4.4409394334445045,-3.136962263511725,-12.823266037160572,-12.823266037160572
-1.5271139055700202,-1.5271139055700202,-1.5271139055700202,0.46035320299997723,-9.585682117300031,-9.585682117300031
-3.823266037160556,-3.823266037160556,-3.823266037160556,-2.3744025150130215,-12.136962263511741,-12.136962263511741
-3.136962263511725,-1.5271139055700202,-1.5271139055700202,-3.136962263511725,-11.374402515013024,-11.374402515013024
0.0,0.0,0.0,0.0,0.0,0.0
-3.136962263511725,-1.5271139055700202,-1.5271139055700202,-3.136962263511725,-11.374402515013024,-11.374402515013024
-0.5856821173000211,1.622614669999975,1.622614669999975,-0.5856821173000211,-8.53964679700003,-8.53964679700003
-1.5271139055700202,-1.5271139055700202,-1.5271139055700202,0.46035320299997723,-9.585682117300031,-9.585682117300031
-4.4409394334445045,-4.4409394334445045,-4.4409394334445045,-3.136962263511725,-12.823266037160572,-12.823266037160572
0.0,0.0,0.0,0.0,0.0,0.0
-3.823266037160556,-3.823266037160556,-3.823266037160556,-2.3744025150130215,-12.136962263511741,-12.136962263511741
0.46035320299997723,-1.5271139055700202,-1.5271139055700202,-1.5271139055700202,-9.585682117300031,-9.585682117300031
2.914016299999974,0.46035320299997723,0.46035320299997723,0.46035320299997723,-7.377385330000031,-7.377385330000031
0.46035320299997723,-1.5271139055700202,-1.5271139055700202,-1.5271139055700202,-9.585682117300031,-9.585682117300031
0.0,0.0,0.0,0.0,0.0,0.0
4.348906999999972,4.348906999999972,4.348906999999972,7.7146999999999695,-3.0567700000000313,-3.0567700000000313
7.7146999999999695,11.86999999999997,11.86999999999997,7.7146999999999695,0.6829999999999733,0.6829999999999733
4.348906999999972,4.348906999999972,4.348906999999972,7.7146999999999695,-3.0567700000000313,-3.0567700000000313
14.299999999999974,9.68299999999997,9.68299999999997,9.68299999999997,2.8699999999999757,2.8699999999999757
0.0,0.0,0.0,0.0,0.0,0.0
-4.996845490100062,-4.996845490100062,-4.4409394334445045,-3.823266037160556,-13.440939433444516,-13.440939433444516
-2.37440251501307,-2.3744025150130246,-1.5271139055700214,-0.5856821173000211,-10.527113905572495,-10.527113905570046
-4.440939433980549,-4.440939439344322,-3.8232660381754635,-3.136962263511725,-12.823266037697831,-12.823266037656929
-2.3744025150130215,-0.5856821173000211,-1.5271139055700202,-2.3744025150130215,-10.527113905570033,-10.527113905570033
0.0,0.0,0.0,0.0,0.0,0.0
-2.3744025150130215,-0.5856821173000211,-1.5271139055700202,-2.3744025150130215,-10.527113905570033,-10.527113905570033
0.46035320299997723,2.914016299999974,1.622614669999975,0.46035320299997723,-7.377385330000031,-7.377385330000031
-2.3744025150130215,-2.3744025150130215,-1.5271139055700202,-0.5856821173000211,-10.527113905570033,-10.527113905570033
-4.996845490100141,-4.996845490100062,-4.440939433444514,-3.823266037160556,-13.44093943344577,-13.440939433444516
0.0,0.0,0.0,0.0,0.0,0.0
-4.440939434528814,-4.440939448720191,-3.823266088237845,-3.136962263511725,-12.823266044874885,-12.823266038632525
-0.5856821173000211,-2.3744025150130215,-1.5271139055700202,-0.5856821173000211,-10.527113905570033,-10.527113905570033
1.622614669999975,-0.5856821173000211,0.46035320299997723,1.622614669999975,-8.53964679700003,-8.53964679700003
-0.5856821173000211,-2.3744025150130215,-1.5271139055700202,-0.5856821173000211,-10.527113905570033,-10.527113905570033
0.0,0.0,0.0,0.0,0.0,0.0
2.914016299999974,2.914016299999974,4.348906999999972,5.943229999999972,-4.6510930000000315,-4.6510930000000315
9.68299999999997,14.299999999999974,11.86999999999997,9.68299999999997,2.8699999999999757,2.8699999999999757
2.914016299999974,2.914016299999974,4.348906999999972,5.943229999999972,-4.6510930000000315,-4.6510930000000315
11.86999999999997,7.7146999999999695,9.68299999999997,11.86999999999997,0.6829999999999733,0.6829999999999733
0.0,0.0,0.0,0.0,0.0,0.0
-3.136962263527277,-1.5271139055700202,-2.3744025150291708,-2.374402515034256,-11.374402515043704,-11.374402515017046
0.46035320298539784,2.914016299999974,1.6226146698738408,1.6226146699802113,-7.377385330025329,-7.377385330029886
-2.3744025150130343,-0.5856821173000211,-1.5271139055700234,-1.5271139055700302,-10.527113905570033,-10.527113905570047
-5.497160941369886,-4.4409394334445045,-4.996845492469184,-4.996845490254185,-13.996845490101121,-13.996845490122382
0.0,0.0,0.0,0.0,0.0,0.0
-5.497160941264965,-4.4409394334445045,-4.996845490140734,-4.996845490447889,-13.996845490178647,-13.996845490193309
-3.823266037198148,-2.3744025150130215,-3.1369622635753114,-3.136962263531375,-12.136962263561433,-12.136962263520363
5.943229999999972,2.914016299999974,4.348906999999972,4.348906999999972,-4.6510930000000315,-4.6510930000000315
0.46035320299997723,-1.5271139055700202,-0.5856821173000211,-0.5856821173000211,-9.585682117300031,-9.585682117300031
0.0,0.0,0.0,0.0,0.0,0.0
1.622614669999975,-0.5856821173000211,0.46035320299997723,0.46035320299997723,-8.53964679700003,-8.53964679700003
-4.440939433460713,-3.136962263511725,-3.8232660371683163,-3.8232660372010656,-12.823266037161005,-12.823266037170612
-3.136962264444251,-1.5271139055700202,-2.37440251555291,-2.374402530364678,-11.374402516020305,-11.374402515089571
-4.440939433538773,-3.136962263511725,-3.8232660373202796,-3.823266037187614,-12.823266037836323,-12.823266039355165
0.0,0.0,0.0,0.0,0.0,0.0
7.7146999999999695,11.86999999999997,9.68299999999997,9.68299999999997,0.6829999999999733,0.6829999999999733
1.622614669999975,4.348906999999972,2.914016299999974,2.914016299999974,-6.085983700000034,-6.085983700000034
16.99999999999997,11.86999999999997,14.299999999999974,14.299999999999974,5.299999999999973,5.299999999999973
2.914016299999974,5.943229999999972,4.348906999999972,4.348906999999972,-4.6510930000000315,-4.6510930000000315
0.0,0.0,0.0,0.0,0.0,0.0
-3.823266037160556,-2.3744025150130215,-3.823266037160556,-3.136962263511725,-12.136962263511741,-12.136962263511741
-0.5856821173000211,1.622614669999975,-0.5856821173000211,0.46035320299997723,-8.53964679700003,-8.53964679700003
-3.136962263511725,-1.5271139055700202,-3.136962263511725,-2.3744025150130215,-11.374402515013024,-11.374402515013024
-4.996845490100109,-3.823266037160556,-3.823266037160556,-4.440939433444515,-13.440939433444516,-13.440939433444516
0.0,0.0,0.0,0.0,0.0,0.0
-4.996845490100066,-3.823266037160556,-3.8232660371605975,-4.440939433444505,-13.44093943344453,-13.440939433444516
-3.136962263511725,-1.5271139055700202,-1.5271139055700202,-2.3744025150130215,-11.374402515013024,-11.374402515013026
-0.5856821173000211,1.622614669999975,-0.5856821173000211,0.46035320299997723,-8.53964679700003,-8.53964679700003
-3.823266037160556,-2.3744025150130215,-3.823266037160556,-3.136962263511725,-12.136962263511741,-12.136962263511741
0.0,0.0,0.0,0.0,0.0,0.0
-3.136962263511725,-1.5271139055700202,-3.136962263511725,-2.3744025150130215,-11.374402515013024,-11.374402515013024
-3.823266037161054,-2.3744025150130215,-2.3744025150154884,-3.1369622635136425,-12.136962263511911,-12.136962263511847
-2.3744025150557397,-0.5856821173037673,-0.5856821173000211,-1.5271139055757774,-10.527113905571111,-10.527113905582217
-3.823266037162687,-2.3744025150130312,-2.3744025150130215,-3.136962263511813,-12.136962263511741,-12.136962263511823
0.0,0.0,0.0,0.0,0.0,0.0
5.943229999999972,9.68299999999997,5.943229999999972,7.7146999999999695,-1.2853000000000283,-1.2853000000000283
2.914016299999974,5.943229999999972,5.943229999999972,4.348906999999972,-4.6510930000000315,-4.6510930000000315
5.943229999999972,9.68299999999997,5.943229999999972,7.7146999999999695,-1.2853000000000283,-1.2853000000000283
4.348906999999972,7.7146999999999695,7.7146999999999695,5.943229999999972,-3.0567700000000313,-3.0567700000000313
0.0,0.0,0.0,0.0,0.0,0.0
-4.440939433446957,-3.136962263511733,-3.8232660371610176,-3.136962263511725,-12.82326603716061,-12.8232660371607
-1.5271139055700202,0.46035320299997723,-0.5856821173000211,0.46035320299997723,-9.585682117300031,-9.585682117300031
-3.823266037160606,-2.3744025150130215,-3.136962263511765,-2.374402515014512,-12.136962263511766,-12.13696226351177
-4.4409394334445125,-3.136962263511725,-3.8232660371605784,-4.4409394334445045,-12.823266037160572,-12.823266037160572
0.0,0.0,0.0,0.0,0.0,0.0
-4.4409394334445285,-3.136962263511725,-3.823266037160576,-4.440939433444516,-12.823266037160572,-12.823266037160572
-2.3744025150130215,-0.5856821173000211,-1.5271139055700214,-2.3744025150130215,-10.527113905570037,-10.527113905570097
-1.5271139055700202,0.4603532029999764,-0.585682117300022,0.46035320299997723,-9.585682117300031,-9.585682117300031
-4.440939433444514,-3.136962263511725,-3.8232660371605833,-3.136962263511725,-12.823266037160572,-12.823266037160572
0.0,0.0,0.0,0.0,0.0,0.0
-3.823266037160556,-2.3744025150130215,-3.136962263511725,-2.3744025150130215,-12.136962263511741,-12.136962263511741
-3.136962263511725,-1.5271139055700202,-2.3744025150130215,-3.136962263511725,-11.374402515013024,-11.374402515013024
-1.5271139055700202,0.46035320299997723,-0.5856821173000211,-1.5271139055700202,-9.585682117300031,-9.585682117300031
-3.136962263511725,-1.5271139055700202,-2.3744025150130215,-3.136962263511725,-11.374402515013024,-11.374402515013024
0.0,0.0,0.0,0.0,0.0,0.0
4.348906999999972,7.7146999999999695,5.943229999999972,7.7146999999999695,-3.0567700000000313,-3.0567700000000313
4.348906999999972,7.7146999999999695,5.943229999999972,4.348906999999972,-3.0567700000000313,-3.0567700000000313
4.348906999999972,7.7146999999999695,5.943229999999972,7.7146999999999695,-3.0567700000000313,-3.0567700000000313
5.943229999999972,9.68299999999997,7.7146999999999695,5.943229999999972,-1.2853000000000283,-1.2853000000000283
0.0,0.0,0.0,0.0,0.0,0.0
-4.996845490100064,-3.823266037160556,-4.996845490100098,-4.440939433444517,-13.440939433445012,-13.440939433444493
-2.3744025150130215,-0.5856821173000211,-2.374402515013027,-1.5271139055700202,-10.527113905570033,-10.527113905570033
-4.4409394334445045,-3.136962263511725,-4.4409394334445045,-3.823266037160556,-12.823266037160572,-12.823266037160572
-3.8232660371724023,-2.3744025150130215,-2.37440251510958,-3.13696226352387,-12.136962263656397,-12.136962263628682
0.0,0.0,0.0,0.0,0.0,0.0
-3.823266037813972,-2.3744025150130215,-2.374402515148928,-3.136962264687436,-12.13696226385623,-12.136962263818994
-1.527113906077493,0.46035320299997723,0.4603532026461572,-0.5856821173556261,-9.585682117318742,-9.58568211731487
-2.3744025150200687,-0.5856821173000211,-2.3744025150133576,-1.527113905579142,-10.527113905572195,-10.527113905570289
-4.996845490207229,-3.823266037160556,-4.996845490809494,-4.440939433449153,-13.440939433565699,-13.440939433450506
0.0,0.0,0.0,0.0,0.0,0.0
-4.4409394334445045,-3.136962263511725,-4.4409394334445045,-3.823266037160556,-12.823266037160572,-12.823266037160572
1.622614669999975,-0.5856821173000211,-0.5856821173000211,0.46035320299997723,-8.53964679700003,-8.53964679700003
4.348906999999972,1.622614669999975,1.622614669999975,2.914016299999974,-6.085983700000034,-6.085983700000034
1.622614669999975,-0.5856821173000211,-0.5856821173000211,0.46035320299997723,-8.53964679700003,-8.53964679700003
0.0,0.0,0.0,0.0,0.0,0.0
2.914016299999974,5.943229999999972,2.914016299999974,4.348906999999972,-4.6510930000000315,-4.6510930000000315
5.943229999999972,9.68299999999997,9.68299999999997,7.7146999999999695,-1.2853000000000283,-1.2853000000000283
2.914016299999974,5.943229999999972,2.914016299999974,4.348906999999972,-4.6510930000000315,-4.6510930000000315
16.99999999999997,11.86999999999997,11.86999999999997,14.299999999999974,5.299999999999973,5.299999999999973
0.0,0.0,0.0,0.0,0.0,0.0
-5.497160941245309,-4.4409394334445045,-4.996845490158961,-4.440939433448901,-13.996845490237657,-13.996845490315769
-3.1369628116375035,-1.5271139055700202,-2.3744037327278744,-1.5271142412647691,-11.374402621924112,-11.374402833952047
-4.996845490145904,-3.8232660430994256,-4.4409394337373165,-3.823266037160556,-13.440939435586818,-13.440939433869469
-3.136962263520344,-1.5271139055700202,-2.3744025152536876,-3.1369622635383285,-11.374402515131617,-11.374402515019526
0.0,0.0,0.0,0.0,0.0,0.0
-3.1369622772704853,-1.5271139055700202,-2.374402515482431,-3.136962264293719,-11.374402515343569,-11.374402517087976
-0.585682117315379,1.622614669999975,0.46035320082618714,-0.5856821187624713,-8.539646797014594,-8.539646797451324
-3.136962263812456,-1.5271139055700202,-2.374402515840855,-1.5271139061342431,-11.374402519310054,-11.37440251794732
-5.4971609455480275,-4.4409394334445045,-4.996845496899414,-4.440939453613038,-13.99684550741082,-13.996845492597545
0.0,0.0,0.0,0.0,0.0,0.0
-4.9968456296330155,-3.8232664239267513,-4.440939855678516,-3.823266037160556,-13.440941963198757,-13.440940121242026
0.46035320299997723,-1.5271139055700202,-0.5856821173000211,0.46035320299997723,-9.585682117300031,-9.585682117300031
2.914016299999974,0.46035320299997723,1.622614669999975,2.914016299999974,-7.377385330000031,-7.377385330000031
0.46035320299997723,-1.5271139055700202,-0.5856821173000211,0.46035320299997723,-9.585682117300031,-9.585682117300031
0.0,0.0,0.0,0.0,0.0,0.0
1.622614669999975,4.348906999999972,2.914016299999974,4.348906999999972,-6.085983700000034,-6.085983700000034
7.7146999999999695,11.86999999999997,9.68299999999997,7.7146999999999695,0.6829999999999733,0.6829999999999733
1.622614669999975,4.348906999999972,2.914016299999974,4.348906999999972,-6.085983700000034,-6.085983700000034
14.299999999999974,9.68299999999997,11.86999999999997,14.299999999999974,2.8699999999999757,2.8699999999999757
0.0,0.0,0.0,0.0,0.0,0.0
-3.136972969104737,-2.3744025150130215,-3.137095901690248,-3.13698254742829,-12.136968650335614,-12.137013859256601
0.46015281380950257,1.622614669999975,0.4603229678699462,0.4603454158633297,-8.539670856731409,-8.53965020641866
-2.3744066101144394,-1.5271139055700202,-2.374404287918955,-2.374405337743377,-11.374404083693307,-11.374403870842386
-5.497161161856037,-4.996845490100062,-5.497161728055899,-5.49716129426831,-14.49716196599839,-14.497160065952924
0.0,0.0,0.0,0.0,0.0,0.0
-5.497178450506103,-4.996845490100062,-5.4971781584856565,-5.497165202543191,-14.497161936711255,-14.497163835855797
-3.823272307180854,-3.136962263511725,-3.823266708628613,-3.823268219463639,-12.823267416867353,-12.823252669055883
5.943229999999972,4.348906999999972,5.943229999999972,5.943229999999972,7.7146999999999695,-3.0567700000000313
0.46035320299997723,-0.5856821173000211,0.46035320299997723,0.46035320299997723,1.622614669999975,-8.53964679700003
0.0,0.0,0.0,0.0,0.0,0.0
1.622614669999975,0.46035320299997723,1.622614669999975,1.622614669999975,2.914016299999974,-7.377385330000031
-4.440967550395866,-3.823266037160556,-4.440945666683222,-4.440943792511398,-13.440941917534522,-13.44094394151706
-3.136971935050683,-2.3744025150130215,-3.1370156649368983,-3.1377114763635046,-12.136992065273922,-12.136992272208577
-4.4409435353860625,-3.823266037160556,-4.440952990398208,-4.440955267056634,-13.440951523054517,-13.44094589395313
0.0,0.0,0.0,0.0,0.0,0.0
7.7146999999999695,9.68299999999997,7.7146999999999695,7.7146999999999695,-1.2853000000000283,5.943229999999972
1.622614669999975,2.914016299999974,1.622614669999975,1.622614669999975,-7.377385330000031,0.46035320299997723
16.99999999999997,14.299999999999974,16.99999999999997,16.99999999999997,7.999999999999987,19.99999999999999
2.914016299999974,4.348906999999972,2.914016299999974,2.914016299999974,-6.085983700000034,1.622614669999975
0.0,0.0,0.0,0.0,0.0,0.0
-3.823266037160883,-3.136962263511725,-4.440939433444576,-3.823266037161147,-12.8232660371614,-12.823266037160604
-0.5856822066398116,0.46035320299997723,-1.527113960659801,-0.5856822135207438,-9.585689851792454,-9.585682185172688
-3.1369622635200365,-2.3744025150130215,-3.823266037231386,-3.136962263513265,-12.136962263513563,-12.136962263517635
-4.996845588183428,-4.4409394334445045,-4.440943118333699,-4.996851152661959,-13.996845624499068,-13.996845891962957
0.0,0.0,0.0,0.0,0.0,0.0
-4.996845753993969,-4.4409394334445045,-4.440941593411823,-4.996855184740823,-13.996842439514591,-13.996852255730847
-3.136984991555037,-2.3744025150130215,-2.3744058652860325,-3.1369632495890887,-12.136962355936149,-12.136962276996769
-0.5856821173000235,0.46035320299997723,-1.5271139055700602,-0.5856821173000504,-9.585682117300031,-9.585682117300143
-3.8232660371605784,-3.136962263511725,-4.440939433444506,-3.8232660371605585,-12.823266037160572,-12.823266037160572
0.0,0.0,0.0,0.0,0.0,0.0
-3.136962272046458,-2.3744025150130215,-3.8232660440606807,-3.136962264073153,-12.136962264012826,-12.136962264010943
-3.82326630615765,-3.1369623330882375,-3.136962263511725,-3.823266408133544,-12.823266082545395,-12.82326611625962
-2.3744036073825865,-1.5271156129788699,-1.5271139055700202,-2.374404890936589,-11.374403939159025,-11.374402988958016
-3.8232728400668634,-3.136962263511725,-3.136973078791627,-3.823318013104969,-12.823267454282352,-12.823269301627452
0.0,0.0,0.0,0.0,0.0,0.0
5.943224606083361,7.7146999999999695,4.348904227880719,5.943220648495044,-3.056776236516738,-3.056770073778974
2.914016259925977,4.348906999999972,4.348906553650382,2.914014553444031,-6.085984473166884,-6.08598371073641
5.943229999978126,7.7146999999999695,4.3489069992862435,5.9432299999756175,-3.056770000250504,-3.0567700000010167
4.348906993442833,5.943229999999972,5.943229884786906,4.348906999257356,-4.651093001567935,-4.651093000112989
0.0,0.0,0.0,0.0,0.0,0.0
-4.440939608800469,-3.82326646909189,-4.440939880483994,-3.823266037160556,-13.440940134898975,-13.440939533747978
-1.5271147614871636,-0.5856821173000211,-1.527123441304631,-0.5856866972839868,-10.527113961715308,-10.52711449443819
-3.8232663887277876,-3.136962369338816,-3.823266275739276,-3.136962263511725,-12.823265994401986,-12.823266127334598
-4.440945246300265,-3.823266037160556,-4.440941220967134,-4.996846475271052,-13.44094699419513,-13.440940182116897
0.0,0.0,0.0,0.0,0.0,0.0
-4.440950673785478,-3.823266037160556,-4.440949237741556,-4.996845812911752,-13.440942853266687,-13.440939710275718
-2.374403762097593,-1.5271139055700202,-2.3744044073824906,-3.1369625726692627,-11.37440353966329,-11.374403430642335
-1.5271142272878777,-0.5856822324402917,-1.527113968111637,-0.5856821173000211,-10.52711396850525,-10.527114215756049
-4.4409394866236624,-3.823266195229037,-4.440939519774468,-3.823266037160556,-13.440939502693118,-13.440939662992658
0.0,0.0,0.0,0.0,0.0,0.0
-3.8232737681571534,-3.136962263511725,-3.823267541739488,-3.1369623511010243,-12.823266633808249,-12.823266889221106
-3.1369622635169767,-2.3744025150130215,-3.1369622635323173,-3.823266037171301,-12.136962263542895,-12.136962263513787
-1.5271139055911733,-0.5856821173000211,-1.5271139055702894,-2.374402515023358,-10.527113905570815,-10.527113905592255
-3.1369623376008384,-2.3744025150130215,-3.1369624425047755,-3.8232662921703846,-12.13696232614496,-12.136962503701923
0.0,0.0,0.0,0.0,0.0,0.0
4.348906956360593,5.943229999999972,4.348906919933151,5.943229266243293,-4.651093057702369,-4.651093272079583
4.348906994947548,5.943229999999972,4.348906981959413,2.914016276542093,-4.651093006314513,-4.651093034549272
4.348906181634801,5.943229999999972,4.348906991110459,5.9432299666642106,-4.651093000273146,-4.65109300581076
5.943229953357194,7.7146999999999695,5.943229979990865,4.348906997425289,-3.056770142220083,-3.056770192168069
0.0,0.0,0.0,0.0,0.0,0.0
-4.996846477131846,-4.4409394334445045,-5.497163218965563,-4.996848709178427,-13.996845630835075,-13.996849712837303
-2.374402517276908,-1.5271139055700202,-3.1369622659060914,-2.37440252304441,-11.374402515060813,-11.374402515875948
-4.440939681195609,-3.823266037160556,-4.996848235241458,-4.440941913129821,-13.440947945381383,-13.440940277262188
-3.82326743251903,-3.136962263511725,-3.1369855323136857,-3.8232687214300944,-12.823269565833986,-12.823267124441692
0.0,0.0,0.0,0.0,0.0,0.0
-3.8234244248719813,-3.136962263511725,-3.136984290243401,-3.8232990774195805,-12.823258867930342,-12.823269387389562
-1.5271717246925238,-0.5856821173000211,-0.5857380653206214,-1.5271352315511344,-10.527114657280476,-10.527137210969311
-2.3744131127312382,-1.5271139055700202,-3.136998263337924,-2.374503792942209,-11.37443686866115,-11.374416582816773
-4.99686160408038,-4.4409394334445045,-5.497166836432178,-4.996884716765493,-13.996919255196989,-13.996896953409175
0.0,0.0,0.0,0.0,0.0,0.0
-4.4409394336677135,-3.823266037160556,-4.996845490150478,-4.440939433539914,-13.440939435726492,-13.440939433595963
1.622614669999975,0.46035320299997723,0.46035320299997723,1.622614669999975,2.914016299999974,-7.377385330000031
4.348906999999972,2.914016299999974,2.914016299999974,4.348906999999972,5.943229999999972,-4.6510930000000315
1.622614669999975,0.46035320299997723,0.46035320299997723,1.622614669999975,2.914016299999974,-7.377385330000031
0.0,0.0,0.0,0.0,0.0,0.0
2.914016299999974,4.348906999999972,1.622614669999975,2.914016299999974,-6.085983700000034,1.622614669999975
5.943229999999972,7.7146999999999695,7.7146999999999695,5.943229999999972,-3.0567700000000313,4.348906999999972
2.914016299999974,4.348906999999972,1.622614669999975,2.914016299999974,-6.085983700000034,1.622614669999975
16.99999999999997,14.299999999999974,14.299999999999974,16.99999999999997,7.999999999999987,19.99999999999999
0.0,0.0,0.0,0.0,0.0,0.0
-5.497161620803292,-4.996845490100062,-5.497163177066022,-4.996863443536389,-14.49716408368468,-14.497164537641106
-3.1370761873264135,-2.3744108882466346,-3.1369680222978094,-2.3744025150130215,-12.13696741977278,-12.137037291345433
-4.996858746802112,-4.4409394334445045,-4.996860649530562,-4.440952371845135,-13.996919401390139,-13.996845936856365
-3.136980328363003,-2.3744025150130215,-3.1369674125950926,-3.823278644409917,-12.136963544994401,-12.137031942053824
0.0,0.0,0.0,0.0,0.0,0.0
-3.136965577554813,-2.3744025150130215,-3.1369998429133545,-3.8233044968367116,-12.136981129441036,-12.136969466122956
-0.5857037771832231,0.46035320299997723,-0.5857047469029916,-1.5271412194944802,-9.585695336351657,-9.585689361715957
-3.1369958586180964,-2.3744025150130215,-3.1370432660424656,-2.3744803829988204,-12.136987096007346,-12.136981802263257
-5.497186342743561,-4.996845490100062,-5.497196020077258,-4.9968585315922684,-14.497185943206333,-14.497270011230926
0.0,0.0,0.0,0.0,0.0,0.0
-4.996845981038383,-4.44094304643653,-4.996846962593768,-4.4409394334445045,-13.99684925986133,-13.99685880428205
0.46035320299997723,-0.5856821173000211,0.46035320299997723,1.622614669999975,-8.53964679700003,-8.53964679700003
2.914016299999974,1.622614669999975,2.914016299999974,4.348906999999972,-6.085983700000034,-6.085983700000034
0.46035320299997723,-0.5856821173000211,0.46035320299997723,1.622614669999975,-8.53964679700003,-8.53964679700003
0.0,0.0,0.0,0.0,0.0,0.0
1.622614669999975,2.914016299999974,1.622614669999975,2.914016299999974,-7.377385330000031,-7.377385330000031
7.7146999999999695,9.68299999999997,7.7146999999999695,5.943229999999972,-1.2853000000000283,-1.2853000000000283
1.622614669999975,2.914016299999974,1.622614669999975,2.914016299999974,-7.377385330000031,-7.377385330000031
14.299999999999974,11.86999999999997,14.299999999999974,16.99999999999997,5.299999999999973,5.299999999999973
