,0
0,4.0
1,4.0
2,4.0
3,4.0
4,2.0
5,2.0
6,2.0
7,2.0
8,0.0
9,0.0
10,0.0
11,0.0
12,2.0
13,2.0
14,2.0
15,2.0
16,5.0
17,2.0
18,0.0
19,2.0
20,3.0
21,3.0
22,3.0
23,3.0
24,0.0
25,0.0
26,0.0
27,0.0
28,3.0
29,3.0
30,3.0
31,3.0
32,0.0
33,0.0
34,0.0
35,0.0
36,3.0
37,0.0
38,3.0
39,0.0
40,0.0
41,0.0
42,0.0
43,0.0
44,2.0
45,2.0
46,2.0
47,2.0
48,0.0
49,0.0
50,0.0
51,0.0
52,2.0
53,2.0
54,2.0
55,2.0
56,0.0
57,2.0
58,0.0
59,2.0
60,3.0
61,3.0
62,3.0
63,3.0
64,2.0
65,2.0
66,2.0
67,2.0
68,3.0
69,3.0
70,3.0
71,3.0
72,0.0
73,0.0
74,0.0
75,0.0
76,3.0
77,2.0
78,3.0
79,0.0
80,3.0
81,3.0
82,3.0
83,3.0
84,4.0
85,4.0
86,4.0
87,4.0
88,3.0
89,3.0
90,3.0
91,3.0
92,3.0
93,3.0
94,3.0
95,3.0
96,3.0
97,5.0
98,3.0
99,3.0
100,1.0
101,1.0
102,1.0
103,1.0
104,2.0
105,2.0
106,2.0
107,2.0
108,0.0
109,0.0
110,0.0
111,0.0
112,2.0
113,2.0
114,2.0
115,2.0
116,1.0
117,2.0
118,0.0
119,2.0
120,3.0
121,3.0
122,3.0
123,3.0
124,0.0
125,0.0
126,0.0
127,0.0
128,3.0
129,3.0
130,3.0
131,3.0
132,0.0
133,0.0
134,0.0
135,0.0
136,3.0
137,0.0
138,3.0
139,0.0
140,0.0
141,0.0
142,0.0
143,0.0
144,2.0
145,2.0
146,2.0
147,2.0
148,0.0
149,0.0
150,0.0
151,0.0
152,2.0
153,2.0
154,2.0
155,2.0
156,0.0
157,2.0
158,0.0
159,2.0
160,3.0
161,3.0
162,3.0
163,3.0
164,2.0
165,2.0
166,2.0
167,2.0
168,3.0
169,3.0
170,3.0
171,3.0
172,0.0
173,0.0
174,0.0
175,0.0
176,3.0
177,2.0
178,3.0
179,0.0
180,3.0
181,3.0
182,3.0
183,3.0
184,1.0
185,1.0
186,1.0
187,1.0
188,3.0
189,3.0
190,3.0
191,3.0
192,3.0
193,3.0
194,3.0
195,3.0
196,3.0
197,1.0
198,3.0
199,3.0
200,1.0
201,1.0
202,1.0
203,1.0
204,2.0
205,2.0
206,2.0
207,2.0
208,0.0
209,0.0
210,0.0
211,0.0
212,2.0
213,2.0
214,2.0
215,2.0
216,1.0
217,2.0
218,0.0
219,2.0
220,3.0
221,3.0
222,3.0
223,3.0
224,2.0
225,2.0
226,2.0
227,2.0
228,3.0
229,3.0
230,3.0
231,3.0
232,2.0
233,2.0
234,2.0
235,2.0
236,3.0
237,2.0
238,3.0
239,2.0
240,3.0
241,3.0
242,3.0
243,3.0
244,2.0
245,2.0
246,2.0
247,2.0
248,3.0
249,3.0
250,3.0
251,3.0
252,2.0
253,2.0
254,2.0
255,2.0
256,3.0
257,2.0
258,3.0
259,2.0
260,3.0
261,3.0
262,3.0
263,3.0
264,2.0
265,2.0
266,2.0
267,2.0
268,3.0
269,3.0
270,3.0
271,3.0
272,0.0
273,0.0
274,0.0
275,0.0
276,3.0
277,2.0
278,3.0
279,0.0
280,3.0
281,3.0
282,3.0
283,3.0
284,1.0
285,1.0
286,1.0
287,1.0
288,3.0
289,3.0
290,3.0
291,3.0
292,3.0
293,3.0
294,3.0
295,3.0
296,3.0
297,1.0
298,3.0
299,3.0
300,1.0
301,1.0
302,1.0
303,1.0
304,1.0
305,1.0
306,1.0
307,1.0
308,0.0
309,0.0
310,0.0
311,0.0
312,1.0
313,1.0
314,1.0
315,1.0
316,1.0
317,1.0
318,0.0
319,1.0
320,1.0
321,1.0
322,1.0
323,1.0
324,2.0
325,2.0
326,2.0
327,2.0
328,1.0
329,1.0
330,1.0
331,1.0
332,2.0
333,2.0
334,2.0
335,2.0
336,1.0
337,2.0
338,1.0
339,2.0
340,3.0
341,3.0
342,3.0
343,3.0
344,1.0
345,1.0
346,1.0
347,1.0
348,3.0
349,3.0
350,3.0
351,3.0
352,1.0
353,1.0
354,1.0
355,1.0
356,3.0
357,1.0
358,3.0
359,1.0
360,1.0
361,1.0
362,1.0
363,1.0
364,2.0
365,2.0
366,2.0
367,2.0
368,1.0
369,1.0
370,1.0
371,1.0
372,0.0
373,0.0
374,0.0
375,0.0
376,1.0
377,2.0
378,1.0
379,0.0
380,3.0
381,3.0
382,3.0
383,3.0
384,1.0
385,1.0
386,1.0
387,1.0
388,3.0
389,3.0
390,3.0
391,3.0
392,3.0
393,3.0
394,3.0
395,3.0
396,3.0
397,1.0
398,3.0
399,3.0
400,1.0
401,1.0
402,1.0
403,1.0
404,1.0
405,1.0
406,1.0
407,1.0
408,4.0
409,4.0
410,4.0
411,4.0
412,1.0
413,1.0
414,1.0
415,1.0
416,1.0
417,1.0
418,5.0
419,1.0
420,1.0
421,1.0
422,1.0
423,1.0
424,2.0
425,2.0
426,2.0
427,2.0
428,1.0
429,1.0
430,1.0
431,1.0
432,2.0
433,2.0
434,2.0
435,2.0
436,1.0
437,2.0
438,1.0
439,2.0
440,3.0
441,3.0
442,3.0
443,3.0
444,1.0
445,1.0
446,1.0
447,1.0
448,3.0
449,3.0
450,3.0
451,3.0
452,1.0
453,1.0
454,1.0
455,1.0
456,3.0
457,1.0
458,3.0
459,1.0
460,1.0
461,1.0
462,1.0
463,1.0
464,2.0
465,2.0
466,2.0
467,2.0
468,1.0
469,1.0
470,1.0
471,1.0
472,4.0
473,4.0
474,4.0
475,4.0
476,1.0
477,2.0
478,1.0
479,5.0
480,3.0
481,3.0
482,3.0
483,3.0
484,1.0
485,1.0
486,1.0
487,1.0
488,3.0
489,3.0
490,3.0
491,3.0
492,3.0
493,3.0
494,3.0
495,3.0
496,3.0
497,1.0
498,3.0
499,3.0
